-0.630413 0.0632201 2.23628
-0.491712 -0.181156 2.022
-0.518289 -0.595661 2.12871
-0.765828 0.0465442 2.20937
-0.887925 -0.236532 2.0723
-0.80745 -0.445857 2.17303
-0.641386 0.0798763 2.25522
-0.498802 -0.146856 2.02726
-0.517913 -0.586067 2.10452
-0.77621 0.0623255 2.22802
-0.851744 -0.22233 2.0585
-0.853888 -0.57411 2.07875
-0.640315 0.0806625 2.24807
-0.483206 -0.108303 2.00075
-0.515568 -0.562335 2.07256
-0.775036 0.0629723 2.22111
-0.785811 -0.230055 2.14651
-0.820431 -0.566871 2.17341
-0.629138 0.0886721 2.19607
-0.463782 -0.0982131 1.97459
-0.510171 -0.541727 2.04634
-0.762849 0.070308 2.17113
-0.788543 -0.23345 2.15958
-0.823816 -0.563107 2.18813
-0.636448 0.0919632 2.19807
-0.459842 -0.137128 1.96625
-0.501965 -0.478889 2.01679
-0.769913 0.0741519 2.17153
-0.77658 -0.222505 2.15629
-0.820217 -0.534885 2.19319
-0.643742 0.0948936 2.19987
-0.44668 -0.0750713 1.94961
-0.492399 -0.425637 1.99243
-0.777441 0.0776827 2.17162
-0.774599 -0.21282 2.1561
-0.818171 -0.515808 2.1922
-0.651596 0.100637 2.20006
-0.439637 -0.0477582 1.93978
-0.480833 -0.368134 1.97199
-0.785089 0.0828235 2.17153
-0.773732 -0.203831 2.15601
-0.817322 -0.49804 2.19058
-0.658471 0.10326 2.19926
-0.432693 -0.000638458 1.93299
-0.475923 -0.31182 1.96129
-0.791767 0.0847777 2.16988
-0.773447 -0.198597 2.15593
-0.813302 -0.48716 2.19244
-0.662592 0.105184 2.19819
-0.427072 0.0204314 1.9269
-0.464629 -0.274579 1.94432
-0.795656 0.0859554 2.169
-0.770108 -0.19463 2.15679
-0.813717 -0.504454 2.19719
-0.665268 0.109081 2.19863
-0.415036 0.0792717 1.91501
-0.454646 -0.230651 1.93257
-0.797561 0.0859719 2.16853
-0.768651 -0.192635 2.15782
-0.814701 -0.47267 2.19307
-0.667663 0.111041 2.19791
-0.413647 0.0919372 1.91345
-0.449046 -0.203263 1.92324
-0.80047 0.0863572 2.16744
-0.767725 -0.190634 2.15775
-0.813536 -0.467137 2.19069
-0.669038 0.112429 2.1964
-0.413496 0.17052 1.91083
-0.443187 -0.171527 1.91289
-0.802396 0.0866563 2.16576
-0.766826 -0.189101 2.15743
-0.813705 -0.458286 2.18884
-0.671294 0.11397 2.19478
-0.414056 0.17602 1.91075
-0.43787 -0.14697 1.90848
-0.804576 0.0862124 2.16456
-0.766721 -0.188473 2.15725
-0.813221 -0.470361 2.187
-0.672351 0.115167 2.19251
-0.41414 0.176173 1.91057
-0.43219 -0.129065 1.90248
-0.805363 0.0853198 2.16377
-0.765421 -0.188464 2.15575
-0.809675 -0.536317 2.19083
-0.672474 0.11673 2.19002
-0.413844 0.185511 1.90973
-0.427962 -0.105694 1.89933
-0.80553 0.0848175 2.16286
-0.76477 -0.188294 2.15376
-0.809316 -0.460131 2.17535
-0.671445 0.1187 2.18722
-0.413687 0.193055 1.90889
-0.426664 -0.0939166 1.89908
-0.8052 0.0845779 2.16108
-0.763963 -0.18784 2.15178
-0.809181 -0.460032 2.17519
-0.671775 0.11958 2.18399
-0.414319 0.199636 1.90768
-0.425305 -0.08695 1.89824
-0.805436 0.0841568 2.15961
-0.763188 -0.187645 2.14905
-0.8087 -0.459642 2.1747
-0.671828 0.119843 2.18233
-0.415309 0.2107 1.90573
-0.424164 -0.0707497 1.89634
-0.80575 0.0853154 2.15675
-0.763049 -0.185921 2.14666
-0.808592 -0.459441 2.17408
-0.671884 0.12041 2.18033
-0.41586 0.214154 1.90512
-0.423127 -0.0657232 1.89387
-0.805622 0.0855202 2.15539
-0.763139 -0.185294 2.14524
-0.808335 -0.464273 2.17318
-0.670427 0.121599 2.17813
-0.416027 0.215452 1.90465
-0.422827 -0.0645789 1.89321
-0.803686 0.086215 2.15286
-0.763715 -0.184279 2.14416
-0.807652 -0.464317 2.17208
-0.669867 0.122031 2.17774
-0.416188 0.216128 1.90436
-0.422456 -0.0632209 1.89147
-0.8028 0.0865323 2.15152
-0.763867 -0.183538 2.14399
-0.807678 -0.464548 2.17171
-0.670064 0.121799 2.17723
-0.416545 0.216999 1.90375
-0.42181 -0.0601707 1.88945
-0.803102 0.0856216 2.15074
-0.763929 -0.183955 2.14392
-0.808109 -0.462582 2.17078
-0.67042 0.12161 2.17645
-0.416696 0.217172 1.90331
-0.421488 -0.0590469 1.88887
-0.803546 0.0852167 2.14996
-0.764096 -0.183892 2.14391
-0.8084 -0.464257 2.17083
-0.670354 0.121496 2.17583
-0.416966 0.217858 1.9026
-0.421345 -0.0579493 1.88856
-0.803524 0.0849515 2.14833
-0.76445 -0.183725 2.14353
-0.808361 -0.466585 2.17046
-0.67081 0.121241 2.17538
-0.417694 0.218574 1.9021
-0.42131 -0.057817 1.88861
-0.803885 0.0844913 2.14803
-0.764854 -0.183888 2.14317
-0.808153 -0.465914 2.16951
-0.671204 0.121095 2.1749
-0.418344 0.218934 1.90159
-0.421221 -0.0589309 1.88926
-0.804209 0.0841215 2.14789
-0.765124 -0.184012 2.1426
-0.808157 -0.466606 2.16945
-0.671326 0.120923 2.17446
-0.419139 0.217997 1.90087
-0.420938 -0.0597217 1.88932
-0.804443 0.0849062 2.14692
-0.765433 -0.182914 2.1423
-0.808184 -0.46712 2.16941
-0.671493 0.120974 2.17387
-0.419377 0.216924 1.90014
-0.414285 -0.0751029 1.89016
-0.804695 0.0855984 2.14659
-0.76559 -0.181957 2.14225
-0.808184 -0.468483 2.16951
-0.671658 0.120979 2.17374
-0.419505 0.214311 1.89848
-0.407989 -0.0834303 1.88481
-0.805114 0.0862924 2.14642
-0.765825 -0.181038 2.14225
-0.807743 -0.463769 2.16879
-0.671852 0.120972 2.17374
-0.419011 0.196544 1.89311
-0.406044 -0.0889874 1.88278
-0.805483 0.0868288 2.14634
-0.766367 -0.180302 2.14254
-0.806562 -0.458269 2.1669
-0.672473 0.121071 2.17375
-0.418521 0.178144 1.88981
-0.403149 -0.102198 1.88184
-0.806512 0.0879015 2.14654
-0.766912 -0.17888 2.14403
-0.806651 -0.457351 2.1672
-0.67377 0.121092 2.17435
-0.420179 0.178743 1.88955
-0.397362 -0.116781 1.88081
-0.807839 0.0888433 2.14696
-0.768144 -0.177653 2.14578
-0.806589 -0.456919 2.16796
-0.674872 0.121895 2.17554
-0.422591 0.177416 1.88884
-0.39245 -0.13732 1.87836
-0.808812 0.0891475 2.14789
-0.768853 -0.177018 2.14824
-0.806604 -0.457562 2.16967
-0.678582 0.122427 2.17873
-0.428004 0.170933 1.88949
-0.387661 -0.157678 1.88126
-0.81226 0.0887286 2.14997
-0.770394 -0.17661 2.15386
-0.807297 -0.458513 2.17327
-0.682503 0.122722 2.18105
-0.431627 0.162233 1.8882
-0.390806 -0.167746 1.88424
-0.815687 0.0901168 2.15148
-0.771476 -0.174912 2.15611
-0.808696 -0.43081 2.18047
-0.685819 0.122555 2.18268
-0.429426 0.0948658 1.88957
-0.38636 -0.215391 1.8866
-0.818982 0.0907658 2.15336
-0.773509 -0.175199 2.16051
-0.810008 -0.445198 2.18606
-0.687401 0.121919 2.18534
-0.429894 0.0457292 1.90008
-0.389418 -0.225232 1.8928
-0.820156 0.0908981 2.15505
-0.776079 -0.175587 2.16589
-0.809515 -0.450702 2.18827
-0.689003 0.12148 2.18814
-0.433105 0.0374203 1.90335
-0.388565 -0.235495 1.89463
-0.821863 0.0919245 2.15803
-0.77853 -0.175948 2.16946
-0.811283 -0.455684 2.19186
-0.690398 0.121173 2.19018
-0.437663 0.0163621 1.90935
-0.401316 -0.240495 1.9087
-0.822956 0.0929389 2.15902
-0.779679 -0.17578 2.17275
-0.810905 -0.456015 2.19408
-0.689722 0.120625 2.19529
-0.442488 0.00279851 1.91436
-0.414266 -0.253746 1.91886
-0.822258 0.0941332 2.16203
-0.780947 -0.175847 2.17547
-0.810922 -0.456316 2.19616
-0.691104 0.120007 2.19615
-0.449894 -0.0281872 1.92479
-0.394708 -0.354492 1.92538
-0.822897 0.0945853 2.16218
-0.782014 -0.174686 2.17798
-0.814358 -0.512873 2.21387
-0.691623 0.119224 2.1965
-0.454162 -0.0468801 1.93251
-0.397735 -0.365336 1.93014
-0.823039 0.0943727 2.16216
-0.782517 -0.174159 2.17886
-0.814466 -0.512426 2.2143
-0.687863 0.118253 2.20078
-0.465948 -0.0901925 1.95544
-0.404327 -0.396455 1.94212
-0.819547 0.0930052 2.16494
-0.783031 -0.17399 2.17994
-0.814382 -0.512704 2.21427
-0.685315 0.117099 2.20341
-0.469731 -0.101238 1.9611
-0.415369 -0.442911 1.96121
-0.816612 0.0917963 2.16673
-0.78383 -0.174352 2.18096
-0.814693 -0.513845 2.21483
-0.674666 0.116376 2.20883
-0.479076 -0.129694 1.9779
-0.422986 -0.448941 1.97158
-0.806229 0.0905652 2.17041
-0.784407 -0.176722 2.182
-0.814362 -0.515458 2.21501
-0.667987 0.115573 2.2128
-0.487256 -0.147202 1.98969
-0.439 -0.498029 2.00204
-0.798156 0.0884681 2.17525
-0.786518 -0.179798 2.18146
-0.813942 -0.527188 2.21691
-0.66179 0.111334 2.21159
-0.497251 -0.171837 2.00389
-0.450983 -0.520546 2.02774
-0.794518 0.086942 2.17699
-0.786667 -0.181244 2.18301
-0.818702 -0.468885 2.21591
-0.65774 0.10799 2.21121
-0.508381 -0.191889 2.0185
-0.456956 -0.550453 2.03714
-0.790993 0.0851312 2.17859
-0.786046 -0.183166 2.18355
-0.816269 -0.48154 2.21393
-0.656006 0.105473 2.21049
-0.515257 -0.204967 2.0304
-0.478056 -0.554271 2.06589
-0.789208 0.0834496 2.17793
-0.785026 -0.184852 2.1833
-0.817252 -0.476598 2.2152
-0.655396 0.103553 2.20967
-0.52983 -0.223586 2.05391
-0.486745 -0.573655 2.08142
-0.788184 0.0822712 2.17757
-0.784987 -0.185979 2.18383
-0.817463 -0.476638 2.21567
-0.654168 0.0988989 2.20707
-0.557344 -0.250725 2.09795
-0.499083 -0.598031 2.04165
-0.786141 0.0803042 2.17569
-0.785402 -0.18947 2.18424
-0.819946 -0.504727 2.2217
-0.654089 0.0951101 2.20283
-0.559922 -0.256776 2.10176
-0.514427 -0.606523 2.05132
-0.785116 0.0782434 2.17343
-0.785735 -0.192187 2.18414
-0.820352 -0.493637 2.21989
-0.653294 0.0927388 2.20071
-0.566861 -0.263176 2.1131
-0.516852 -0.611046 2.05276
-0.783226 0.0764419 2.17158
-0.785154 -0.190491 2.18346
-0.820933 -0.492434 2.22055
-0.653801 0.0896347 2.19827
-0.574664 -0.26931 2.1227
-0.519976 -0.615604 2.05659
-0.782661 0.0745934 2.17092
-0.785197 -0.192081 2.18382
-0.821148 -0.491405 2.22138
-0.654016 0.0875687 2.1969
-0.582604 -0.274223 2.12979
-0.527906 -0.62146 2.07032
-0.782171 0.0724734 2.17047
-0.785333 -0.19442 2.18425
-0.820301 -0.486933 2.22151
-0.653883 0.086083 2.19645
-0.589442 -0.277663 2.14192
-0.530021 -0.624341 2.08402
-0.78144 0.0709961 2.17069
-0.78543 -0.195845 2.18433
-0.820167 -0.487216 2.22231
-0.652916 0.0831939 2.19558
-0.598566 -0.282257 2.16454
-0.53871 -0.623559 2.07734
-0.780281 0.0693623 2.17086
-0.785663 -0.197412 2.18421
-0.819819 -0.487113 2.22296
-0.651996 0.073766 2.19448
-0.597924 -0.291526 2.16539
-0.539865 -0.633903 2.07704
-0.77957 0.0673347 2.17128
-0.785855 -0.199491 2.18382
-0.819616 -0.485714 2.22426
-0.651112 0.067402 2.19407
-0.600375 -0.297926 2.17219
-0.540782 -0.638932 2.07537
-0.778217 0.0650589 2.17183
-0.784268 -0.202023 2.18289
-0.817831 -0.48547 2.22535
-0.647694 0.0613443 2.19528
-0.604278 -0.30406 2.18284
-0.536326 -0.643069 2.08127
-0.773968 0.0617154 2.17311
-0.782274 -0.205556 2.18182
-0.821671 -0.502938 2.23024
-0.644903 0.0580329 2.19579
-0.604795 -0.307268 2.18754
-0.537501 -0.648603 2.09178
-0.770424 0.0598672 2.17354
-0.781461 -0.20732 2.1812
-0.821487 -0.503042 2.23004
-0.641277 0.0557888 2.19554
-0.603471 -0.309524 2.18875
-0.536036 -0.650986 2.09085
-0.76574 0.0584041 2.17422
-0.775919 -0.208903 2.18151
-0.816816 -0.497135 2.22989
-0.637129 0.0543791 2.19538
-0.60185 -0.310983 2.18974
-0.533835 -0.652592 2.09013
-0.761736 0.0576756 2.17462
-0.773262 -0.20956 2.18155
-0.814347 -0.495193 2.22983
-0.633607 0.0534179 2.19522
-0.600785 -0.312003 2.19043
-0.532272 -0.653594 2.08776
-0.758086 0.0574483 2.17489
-0.771943 -0.209617 2.18149
-0.748828 -0.364522 2.44729
-0.628865 0.0520183 2.19509
-0.599238 -0.313486 2.19102
-0.528713 -0.654822 2.08563
-0.753011 0.0559009 2.17482
-0.770272 -0.210808 2.18124
-0.748614 -0.36446 2.44715
-0.625299 0.0509502 2.19522
-0.598205 -0.314605 2.19168
-0.527767 -0.656392 2.08465
-0.749752 0.0554912 2.17578
-0.767657 -0.211276 2.18138
-0.747699 -0.364232 2.44717
-0.62276 0.0502526 2.19523
-0.597374 -0.315301 2.19229
-0.527055 -0.657662 2.08462
-0.747571 0.0550008 2.17617
-0.767191 -0.211649 2.18119
-0.740955 -0.349189 2.43903
-0.621301 0.0496398 2.19572
-0.597049 -0.315877 2.19346
-0.526709 -0.658366 2.08387
-0.746551 0.0547401 2.1763
-0.766901 -0.21186 2.18105
-0.7401 -0.347283 2.43786
-0.620031 0.0494364 2.19596
-0.596816 -0.316069 2.19414
-0.526236 -0.658907 2.08366
-0.744953 0.0549705 2.17694
-0.766495 -0.211723 2.18017
-0.739386 -0.345425 2.43597
-0.618585 0.048923 2.19565
-0.596397 -0.316547 2.19442
-0.525475 -0.659312 2.08184
-0.743454 0.0543175 2.17732
-0.764614 -0.212359 2.18092
-0.737701 -0.344707 2.43629
-0.616498 0.0481932 2.19559
-0.595732 -0.317291 2.1945
-0.524786 -0.660561 2.08166
-0.741382 0.0538725 2.17737
-0.764372 -0.212859 2.17901
-0.737168 -0.34302 2.43367
-0.615062 0.0476411 2.196
-0.595224 -0.317858 2.19489
-0.524628 -0.661974 2.08276
-0.74012 0.0537686 2.17757
-0.763464 -0.212893 2.17936
-0.736378 -0.342814 2.43393
-0.613713 0.0467085 2.19687
-0.59481 -0.318819 2.1955
-0.524265 -0.66342 2.08313
-0.738983 0.0532612 2.17818
-0.76382 -0.213385 2.17861
-0.736563 -0.342029 2.43296
-0.613121 0.0461991 2.19714
-0.594629 -0.319326 2.19579
-0.524128 -0.663963 2.08342
-0.738312 0.0530168 2.17857
-0.763936 -0.213575 2.17857
-0.720946 -0.382273 2.37327
-0.612444 0.0453652 2.19761
-0.594667 -0.320141 2.19642
-0.523058 -0.664311 2.08318
-0.737658 0.0526375 2.17907
-0.764058 -0.213909 2.17854
-0.72106 -0.382602 2.37327
-0.611716 0.0448862 2.19762
-0.594439 -0.320611 2.19652
-0.522439 -0.664451 2.08245
-0.736844 0.0521593 2.17897
-0.764547 -0.214314 2.17752
-0.614028 -0.398054 2.40465
-0.611409 0.0446891 2.19809
-0.59436 -0.320801 2.19705
-0.522613 -0.66464 2.08281
-0.736577 0.0520143 2.17933
-0.764612 -0.214458 2.17751
-0.608868 -0.405387 2.40125
-0.610857 0.0442207 2.19818
-0.594324 -0.321259 2.19724
-0.522114 -0.664969 2.0829
-0.735858 0.0512898 2.17939
-0.764821 -0.215041 2.17746
-0.607144 -0.407166 2.39972
-0.610277 0.0436634 2.1985
-0.594153 -0.321817 2.19752
-0.521988 -0.665446 2.08288
-0.735284 0.0507712 2.17966
-0.76495 -0.215472 2.17749
-0.605845 -0.409095 2.39909
-0.609726 0.0433135 2.19863
-0.59313 -0.322065 2.19847
-0.522771 -0.666278 2.08459
-0.734584 0.050805 2.17943
-0.764555 -0.215364 2.17747
-0.603906 -0.41167 2.39852
-0.609505 0.0428208 2.19894
-0.593087 -0.322572 2.19858
-0.522748 -0.666795 2.08473
-0.73449 0.0506792 2.17946
-0.763528 -0.215315 2.17978
-0.608911 -0.403909 2.39696
-0.609368 0.0425647 2.19925
-0.593019 -0.322847 2.19867
-0.521805 -0.667047 2.08264
-0.734342 0.0505466 2.17971
-0.763265 -0.215504 2.17976
-0.61085 -0.400521 2.39384
-0.609037 0.0420383 2.1993
-0.592998 -0.323395 2.19847
-0.521786 -0.668557 2.08324
-0.734114 0.0503447 2.17971
-0.762614 -0.215738 2.17997
-0.623009 -0.392238 2.39544
-0.608561 0.0417938 2.19931
-0.592888 -0.323649 2.1984
-0.521447 -0.669439 2.08311
-0.73364 0.0501432 2.17954
-0.762486 -0.215878 2.17984
-0.622409 -0.390349 2.39572
-0.608279 0.041326 2.19927
-0.592824 -0.324116 2.19832
-0.521162 -0.670358 2.0825
-0.733444 0.0500039 2.17933
-0.764547 -0.216099 2.17641
-0.624044 -0.387983 2.39336
-0.607868 0.0409488 2.19909
-0.592767 -0.324476 2.19828
-0.521058 -0.671266 2.08219
-0.732928 0.0497637 2.17865
-0.763412 -0.216147 2.17787
-0.622975 -0.387969 2.39534
-0.607725 0.040262 2.19839
-0.593328 -0.32511 2.19807
-0.523616 -0.672548 2.08055
-0.732912 0.049488 2.1782
-0.763462 -0.216398 2.17749
-0.623001 -0.387922 2.39521
-0.607641 0.0397704 2.1982
-0.593487 -0.325567 2.19815
-0.52317 -0.673637 2.08072
-0.732928 0.0487813 2.17791
-0.766371 -0.217029 2.17404
-0.625335 -0.385702 2.39222
-0.607575 0.0394382 2.19789
-0.593998 -0.325831 2.19848
-0.522942 -0.673419 2.07779
-0.732952 0.0486704 2.17786
-0.766047 -0.217141 2.17444
-0.625087 -0.385792 2.3927
-0.607405 0.0391509 2.19736
-0.594107 -0.326082 2.19826
-0.518743 -0.673588 2.07786
-0.732999 0.0484494 2.17738
-0.764895 -0.217421 2.17503
-0.624075 -0.385854 2.39334
-0.607332 0.0388421 2.19717
-0.594022 -0.326376 2.19816
-0.521235 -0.674292 2.07533
-0.732801 0.0478104 2.17719
-0.76579 -0.218077 2.17322
-0.62464 -0.384954 2.39172
-0.607153 0.0381988 2.19606
-0.593895 -0.326932 2.19778
-0.520911 -0.675876 2.07636
-0.732821 0.0470791 2.17623
-0.766863 -0.218642 2.17203
-0.625406 -0.384185 2.39054
